start=157.200000
sub-scale=0.500000
